7
0x0000: 7,7,0,6,8
0x0020: 0,0,0,0,4
0x0021: 3,7,0,6,4
0x0022: 6,3,0,7,7
0x0023: 9,5,0,5,10
0x0024: 10,7,0,6,11
0x0025: 6,5,0,4,7
0x0026: 10,7,0,6,11
0x0027: 3,3,0,7,4
0x0028: 3,7,0,6,4
0x0029: 3,7,0,6,4
0x002A: 6,4,0,7,7
0x002B: 6,5,0,5,7
0x002C: 3,3,-1,1,3
0x002D: 6,1,0,3,7
0x002E: 2,2,0,1,3
0x002F: 6,7,0,6,7
0x0030: 9,7,0,6,10
0x0031: 9,7,0,6,10
0x0032: 9,7,0,6,10
0x0033: 9,7,0,6,10
0x0034: 9,7,0,6,10
0x0035: 9,7,0,6,10
0x0036: 9,7,0,6,10
0x0037: 9,7,0,6,10
0x0038: 9,7,0,6,10
0x0039: 9,7,0,6,10
0x003A: 2,5,0,4,3
0x003B: 3,6,-1,4,3
0x003C: 4,5,0,5,5
0x003D: 6,3,0,4,7
0x003E: 4,5,0,5,5
0x003F: 9,7,0,6,10
0x0040: 10,7,0,6,11
0x0041: 9,7,0,6,10
0x0042: 9,7,0,6,10
0x0043: 9,7,0,6,10
0x0044: 9,7,0,6,10
0x0045: 9,7,0,6,10
0x0046: 9,7,0,6,10
0x0047: 9,7,0,6,10
0x0048: 9,7,0,6,10
0x0049: 9,7,0,6,10
0x004A: 9,7,0,6,10
0x004B: 9,7,0,6,10
0x004C: 9,7,0,6,10
0x004D: 11,7,0,6,12
0x004E: 10,7,0,6,11
0x004F: 9,7,0,6,10
0x0050: 9,7,0,6,10
0x0051: 9,7,0,6,10
0x0052: 9,7,0,6,10
0x0053: 9,7,0,6,10
0x0054: 9,7,0,6,10
0x0055: 9,7,0,6,10
0x0056: 9,7,0,6,10
0x0057: 11,7,0,6,12
0x0058: 9,7,0,6,10
0x0059: 9,7,0,6,10
0x005A: 9,7,0,6,10
0x005B: 4,7,0,6,5
0x005C: 6,7,0,6,7
0x005D: 4,7,0,6,5
0x005E: 5,4,0,7,6
0x005F: 6,1,0,0,7
0x0060: 3,3,0,7,4
0x0061: 9,5,0,4,10
0x0062: 9,7,0,6,10
0x0063: 9,5,0,4,10
0x0064: 9,7,0,6,10
0x0065: 9,5,0,4,10
0x0066: 6,7,0,6,7
0x0067: 9,7,0,4,10
0x0068: 9,7,0,6,10
0x0069: 3,7,0,6,4
0x006A: 4,8,-1,6,4
0x006B: 9,7,0,6,10
0x006C: 3,7,0,6,4
0x006D: 11,5,0,4,12
0x006E: 9,5,0,4,10
0x006F: 9,5,0,4,10
0x0070: 9,7,0,4,10
0x0071: 10,7,0,4,10
0x0072: 9,5,0,4,10
0x0073: 9,5,0,4,10
0x0074: 8,7,0,6,9
0x0075: 9,5,0,4,10
0x0076: 9,5,0,4,10
0x0077: 11,5,0,4,12
0x0078: 9,5,0,4,10
0x0079: 9,7,0,4,10
0x007A: 8,5,0,4,9
0x007B: 4,7,0,6,5
0x007C: 2,7,0,6,3
0x007D: 4,7,0,6,5
0x007E: 8,3,0,4,9
0x00A1: 3,7,0,4,4
0x00A2: 9,7,0,5,10
0x00A3: 9,7,0,6,10
0x00A4: 6,6,0,5,7
0x00A5: 9,7,0,6,10
0x00A6: 2,7,0,6,3
0x00A7: 7,9,0,7,8
0x00AB: 7,5,0,5,8
0x00B0: 3,3,0,7,4
0x00B1: 6,7,0,5,7
0x00B2: 6,5,0,7,7
0x00B3: 6,5,0,7,7
0x00B4: 3,3,0,7,4
0x00B5: 10,7,0,4,11
0x00B6: 9,7,0,6,10
0x00B9: 5,5,0,7,6
0x00BB: 7,5,0,5,8
0x00C0: 9,8,0,7,10
0x00C1: 9,8,0,7,10
0x00C2: 9,8,0,7,10
0x00C3: 9,8,0,7,10
0x00C4: 9,8,0,7,10
0x00C5: 9,8,0,7,10
0x00D2: 9,8,0,7,10
0x00D3: 9,8,0,7,10
0x00D4: 9,8,0,7,10
0x00D5: 9,8,0,7,10
0x00D6: 9,8,0,7,10
0x00D7: 5,5,0,5,6
0x00D9: 9,8,0,7,10
0x00DA: 9,8,0,7,10
0x00DB: 9,8,0,7,10
0x00DC: 9,8,0,7,10
0x00E0: 9,8,0,7,10
0x00E1: 9,8,0,7,10
0x00E2: 9,8,0,7,10
0x00E3: 9,8,0,7,10
0x00E4: 9,7,0,6,10
0x00E5: 9,9,0,8,10
0x00F2: 9,8,0,7,10
0x00F3: 9,8,0,7,10
0x00F4: 9,8,0,7,10
0x00F5: 9,8,0,7,10
0x00F6: 9,7,0,6,10
0x00F7: 5,5,0,5,6
0x00F9: 9,8,0,7,10
0x00FA: 9,8,0,7,10
0x00FB: 9,8,0,7,10
0x00FC: 9,7,0,6,10
