7
0x0000: 9,10,-1,7,8
0x0020: 0,0,0,0,4
0x0021: 5,10,-1,7,4
0x0022: 8,6,-1,8,7
0x0023: 11,8,-1,6,10
0x0024: 12,10,-1,7,11
0x0025: 8,8,-1,5,7
0x0026: 12,10,-1,7,11
0x0027: 5,6,-1,8,4
0x0028: 5,10,-1,7,4
0x0029: 5,10,-1,7,4
0x002A: 8,7,-1,8,7
0x002B: 8,8,-1,6,7
0x002C: 5,6,-2,2,3
0x002D: 8,4,-1,4,7
0x002E: 4,5,-1,2,3
0x002F: 8,10,-1,7,7
0x0030: 11,10,-1,7,10
0x0031: 11,10,-1,7,10
0x0032: 11,10,-1,7,10
0x0033: 11,10,-1,7,10
0x0034: 11,10,-1,7,10
0x0035: 11,10,-1,7,10
0x0036: 11,10,-1,7,10
0x0037: 11,10,-1,7,10
0x0038: 11,10,-1,7,10
0x0039: 11,10,-1,7,10
0x003A: 4,8,-1,5,3
0x003B: 5,9,-2,5,3
0x003C: 6,8,-1,6,5
0x003D: 8,6,-1,5,7
0x003E: 6,8,-1,6,5
0x003F: 11,10,-1,7,10
0x0040: 12,10,-1,7,11
0x0041: 11,10,-1,7,10
0x0042: 11,10,-1,7,10
0x0043: 11,10,-1,7,10
0x0044: 11,10,-1,7,10
0x0045: 11,10,-1,7,10
0x0046: 11,10,-1,7,10
0x0047: 11,10,-1,7,10
0x0048: 11,10,-1,7,10
0x0049: 11,10,-1,7,10
0x004A: 11,10,-1,7,10
0x004B: 11,10,-1,7,10
0x004C: 11,10,-1,7,10
0x004D: 13,10,-1,7,12
0x004E: 12,10,-1,7,11
0x004F: 11,10,-1,7,10
0x0050: 11,10,-1,7,10
0x0051: 11,10,-1,7,10
0x0052: 11,10,-1,7,10
0x0053: 11,10,-1,7,10
0x0054: 11,10,-1,7,10
0x0055: 11,10,-1,7,10
0x0056: 11,10,-1,7,10
0x0057: 13,10,-1,7,12
0x0058: 11,10,-1,7,10
0x0059: 11,10,-1,7,10
0x005A: 11,10,-1,7,10
0x005B: 6,10,-1,7,5
0x005C: 8,10,-1,7,7
0x005D: 6,10,-1,7,5
0x005E: 7,7,-1,8,6
0x005F: 8,4,-1,1,7
0x0060: 5,6,-1,8,4
0x0061: 11,8,-1,5,10
0x0062: 11,10,-1,7,10
0x0063: 11,8,-1,5,10
0x0064: 11,10,-1,7,10
0x0065: 11,8,-1,5,10
0x0066: 8,10,-1,7,7
0x0067: 11,10,-1,5,10
0x0068: 11,10,-1,7,10
0x0069: 5,10,-1,7,4
0x006A: 6,11,-2,7,4
0x006B: 11,10,-1,7,10
0x006C: 5,10,-1,7,4
0x006D: 13,8,-1,5,12
0x006E: 11,8,-1,5,10
0x006F: 11,8,-1,5,10
0x0070: 11,10,-1,5,10
0x0071: 12,10,-1,5,10
0x0072: 11,8,-1,5,10
0x0073: 11,8,-1,5,10
0x0074: 10,10,-1,7,9
0x0075: 11,8,-1,5,10
0x0076: 11,8,-1,5,10
0x0077: 13,8,-1,5,12
0x0078: 11,8,-1,5,10
0x0079: 11,10,-1,5,10
0x007A: 10,8,-1,5,9
0x007B: 6,10,-1,7,5
0x007C: 4,10,-1,7,3
0x007D: 6,10,-1,7,5
0x007E: 10,6,-1,5,11
0x00A1: 5,10,-1,5,4
0x00A2: 11,10,-1,6,10
0x00A3: 11,10,-1,7,10
0x00A4: 8,9,-1,6,7
0x00A5: 11,10,-1,7,10
0x00A6: 4,10,-1,7,3
0x00A7: 9,12,-1,8,8
0x00AB: 9,8,-1,6,8
0x00B0: 5,6,-1,8,4
0x00B1: 8,10,-1,6,7
0x00B2: 8,8,-1,8,7
0x00B3: 8,8,-1,8,7
0x00B4: 5,6,-1,8,4
0x00B5: 12,10,-1,5,11
0x00B6: 11,10,-1,7,10
0x00B9: 7,8,-1,8,6
0x00BB: 9,8,-1,6,8
0x00C0: 11,11,-1,8,10
0x00C1: 11,11,-1,8,10
0x00C2: 11,11,-1,8,10
0x00C3: 11,11,-1,8,10
0x00C4: 11,11,-1,8,10
0x00C5: 11,11,-1,8,10
0x00D2: 11,11,-1,8,10
0x00D3: 11,11,-1,8,10
0x00D4: 11,11,-1,8,10
0x00D5: 11,11,-1,8,10
0x00D6: 11,11,-1,8,10
0x00D7: 7,8,-1,6,6
0x00D9: 11,11,-1,8,10
0x00DA: 11,11,-1,8,10
0x00DB: 11,11,-1,8,10
0x00DC: 11,11,-1,8,10
0x00E0: 11,11,-1,8,10
0x00E1: 11,11,-1,8,10
0x00E2: 11,11,-1,8,10
0x00E3: 11,11,-1,8,10
0x00E4: 11,10,-1,7,10
0x00E5: 11,12,-1,9,10
0x00F2: 11,11,-1,8,10
0x00F3: 11,11,-1,8,10
0x00F4: 11,11,-1,8,10
0x00F5: 11,11,-1,8,10
0x00F6: 11,10,-1,7,10
0x00F7: 7,8,-1,6,6
0x00F9: 11,11,-1,8,10
0x00FA: 11,11,-1,8,10
0x00FB: 11,11,-1,8,10
0x00FC: 11,10,-1,7,10
